Year	State	District	Murder	Attempt to commit Murder	Culpable Homicide not amounting to Murder	Kidnapping & Abduction_Total	Dacoity	Theft	Unlawful Assembly	Riots	Cheating	Forgery	Counterfeiting	Arson	Hurt	Grievous Hurt	At Office premises	In Public Transport system	Causing Death by Negligence	Offences against State	Sedition	Other offences against State	Extortion	Incidence of Rash Driving	HumanTrafficking	Total Cognizable IPC crimes	Wrongful Restraint/Confinement (Sec.341 to 348 IPC)	A) Missing Children Deemed as Kidnapped	Attempt to Commit Suicide (Sec.309 IPC)	Burglary (Total) (Col.96 + Col.97)	Miscarriage, Infanticide, Foeticide and Abandonment (Sec.313 to 318 IPC)	Offences against Property (Total)	Forgery, Cheating & Fraud (Total) (Col.115+Col.120+Col.121)	Offences relating to Elections (Sec.171-E to 171-I r/w IPC/SLL)	Disobedience to order duly promulgated by Public Servant (Sec.188)	Offences relating to Adulteration or Sale of Food/Drugs (Sec.272/273/274/275/276 IPC)	Sale of obscene Books/Objects (Sec.292 & 293)	Obscene Acts and Songs at Public Places (Sec.294)	Offences relating to Religion (Sec.295 to 297)	Circulate False/Fake News/Rumours (Sec.505 IPC/Sec.505 r/w IT Act)
2014	Punjab	Amritsar	76	135	4	176	1	448	0	0	395	3	6	7	333	334	0	0	186	0	0	0	3	122	0	3394														
2014	Punjab	Barnala	15	24	4	41	0	96	0	0	51	0	0	2	38	40	0	0	74	0	0	0	1	59	0	791														
2014	Punjab	Batala	22	30	1	46	0	86	0	0	104	0	0	0	161	161	0	0	69	0	0	0	0	20	0	865														
2014	Punjab	Bathinda	55	45	5	67	1	260	0	0	151	0	2	8	93	93	0	0	143	0	0	0	4	121	0	2117														
2014	Punjab	Faridkot	23	34	0	23	2	70	0	0	42	0	1	3	78	78	0	0	66	0	0	0	0	37	0	673														
2014	Punjab	Fatehgarh Sahib	16	10	4	28	0	89	0	0	120	0	0	0	16	16	0	0	122	0	0	0	0	93	0	920														
2014	Punjab	Fazilka	24	14	3	32	0	80	0	0	88	3	2	1	140	140	0	0	78	0	0	0	0	34	1	877														
2014	Punjab	Ferozepur	27	38	4	23	0	163	0	0	128	0	0	0	215	216	0	0	91	0	0	0	0	57	0	1300														
2014	Punjab	G. R. P.	11	0	1	4	0	94	0	0	3	0	0	0	7	8	0	0	6	0	0	0	0	0	0	372														
2014	Punjab	Gurdaspur	13	11	3	31	1	80	0	0	58	27	1	6	98	99	0	0	94	0	0	0	0	36	0	781														
2014	Punjab	Hoshiarpur	32	34	5	63	3	207	0	0	167	0	0	0	212	212	0	0	229	0	0	0	0	81	0	1637														
2014	Punjab	Jalandhar	43	59	16	153	4	645	0	0	298	2	1	6	91	92	0	0	220	0	0	0	9	98	0	3174														
2014	Punjab	Kapurthala	21	29	6	40	2	132	0	0	103	0	0	2	189	190	0	0	109	0	0	0	1	42	0	1105														
2014	Punjab	Khanna	20	16	5	54	2	261	0	0	83	0	1	4	124	125	0	0	96	0	0	0	0	88	0	1132														
2014	Punjab	Ludhiana	89	88	13	302	2	765	0	0	456	3	1	6	250	253	0	0	301	0	0	0	3	56	0	4627														
2014	Punjab	Mansa	32	17	0	15	1	52	0	0	109	2	0	1	61	61	0	0	55	0	0	0	2	41	0	793														
2014	Punjab	Moga	25	38	0	36	1	147	0	0	88	3	1	5	85	85	0	0	109	0	0	0	2	49	0	1172														
2014	Punjab	Muktsar	29	20	2	30	0	93	0	0	56	0	1	2	42	42	0	0	44	0	0	0	2	45	0	781														
2014	Punjab	Pathankot	9	6	1	11	0	75	0	0	107	0	0	1	18	19	0	0	74	0	0	0	0	27	0	582														
2014	Punjab	Patiala	45	59	7	91	2	294	0	0	346	2	3	2	55	56	0	0	298	0	0	0	2	279	0	2774														
2014	Punjab	Rupnagar(Ropar)	22	11	1	39	0	114	0	0	119	0	0	3	82	82	0	0	173	0	0	0	0	124	0	1122														
2014	Punjab	Sangrur	42	46	4	58	1	196	0	0	148	0	0	3	230	231	0	0	173	0	0	0	0	136	0	1935														
2014	Punjab	Sahibzada Ajit Singh Nagar (Mohali)	26	35	3	124	7	433	0	0	287	0	0	0	145	146	0	0	209	0	0	0	0	0	0	2408														
2014	Punjab	Shahid Bhagat Singh Nagar (Nawanshahr)	15	12	3	18	1	80	0	0	83	0	1	1	44	44	0	0	81	0	0	0	0	44	0	659														
2014	Punjab	Tarn Taran	35	53	3	45	1	107	0	0	122	0	0	0	193	194	0	0	106	0	0	0	0	3	0	1171														
2014	Punjab	Total	767	864	98	1550	32	5067	0	0	3712	45	21	63	3000	3017	0	0	3206	0	0	0	29	1692	1	37162														
2015	Punjab	Amritsar	56	124	9	174	3	614	0	0	325	3	4	5	306	307	0	0	210	1	1	0	5	104	0	3353														
2015	Punjab	Barnala	15	25	4	43	0	100	0	0	47	1	2	5	41	41	0	0	72	0	0	0	3	74	0	859														
2015	Punjab	Batala	28	32	4	47	1	86	0	0	74	0	0	0	125	125	0	0	70	0	0	0	0	29	0	841														
2015	Punjab	Bathinda	32	63	7	71	1	307	0	0	142	0	1	10	69	69	0	0	124	0	0	0	6	136	0	2027														
2015	Punjab	Faridkot	22	28	2	10	1	84	0	0	57	0	0	0	113	113	0	0	69	0	0	0	5	42	1	774														
2015	Punjab	Fatehgarh Sahib	15	7	5	21	0	100	0	0	89	0	2	0	20	20	0	0	123	0	0	0	0	69	0	887														
2015	Punjab	Fazilka	22	17	1	31	0	57	0	0	172	0	2	6	119	119	0	0	59	0	0	0	4	29	2	1029														
2015	Punjab	Ferozepur	28	35	8	38	0	142	0	0	163	0	2	5	160	161	0	0	108	0	0	0	6	50	0	1261														
2015	Punjab	G. R. P.	1	0	2	2	0	298	0	0	2	0	1	0	1	1	0	0	10	0	0	0	0	190	0	610														
2015	Punjab	Gurdaspur	12	10	3	31	1	60	1	0	53	9	0	2	100	101	0	0	76	0	0	0	0	32	0	656														
2015	Punjab	Hoshiarpur	42	34	6	63	1	242	0	0	186	0	0	0	213	213	0	0	228	0	0	0	0	91	0	1855														
2015	Punjab	Jalandhar	45	61	11	188	2	523	0	0	353	13	2	8	91	93	0	0	226	0	0	0	5	105	0	3195														
2015	Punjab	Kapurthala	18	27	4	40	2	185	0	0	97	0	1	2	185	185	0	0	118	0	0	0	5	45	0	1155														
2015	Punjab	Khanna	11	17	2	57	0	117	0	0	104	0	0	3	81	81	0	0	127	0	0	0	0	89	0	1047														
2015	Punjab	Ludhiana	92	97	17	343	4	701	0	0	587	2	1	9	221	222	0	0	336	0	0	0	12	83	0	5064														
2015	Punjab	Mansa	19	20	3	14	2	49	0	0	108	0	0	3	50	51	0	0	72	0	0	0	4	52	0	794														
2015	Punjab	Moga	34	27	2	53	1	150	0	0	83	1	0	1	50	50	0	0	120	0	0	0	2	53	0	1108														
2015	Punjab	Muktsar	23	28	4	31	0	91	0	0	89	1	1	2	39	39	0	0	68	0	0	0	2	26	0	735														
2015	Punjab	Pathankot	7	4	2	38	0	85	0	0	79	0	0	0	18	18	0	0	84	0	0	0	0	40	0	644														
2015	Punjab	Patiala	49	56	10	109	1	282	0	0	236	6	1	8	108	108	0	0	273	0	0	0	9	309	0	2688														
2015	Punjab	Rupnagar(Ropar)	21	22	4	29	0	95	0	0	121	0	0	5	31	31	0	0	163	0	0	0	0	107	0	1115														
2015	Punjab	Sangrur	42	56	4	62	0	205	0	0	147	0	2	5	47	47	0	0	209	0	0	0	0	167	0	1949														
2015	Punjab	Sahibzada Ajit Singh Nagar (Mohali)	22	27	3	136	3	313	0	0	253	0	1	0	51	52	0	0	232	0	0	0	0	264	0	2462														
2015	Punjab	Shahid Bhagat Singh Nagar (Nawanshahr)	11	15	4	14	1	116	0	0	72	0	0	0	61	61	0	0	95	0	0	0	2	40	0	753														
2015	Punjab	Tarn Taran	34	52	3	49	1	86	0	0	129	0	2	1	132	132	0	0	77	0	0	0	0	29	0	1122														
2015	Punjab	Total	701	884	124	1694	25	5088	1	0	3768	36	25	80	2432	2440	0	0	3349	1	1	0	70	2255	3	37983														
2016	Punjab	Amritsar	78	111	11	111	11	172	2	1224	365	0	1	11		345			214	0			7	105	0	4257														
2016	Punjab	Barnala	24	28	0	28	0	47	1	108	58	1	1	3		35			79	0			5	95	0	984														
2016	Punjab	Batala	22	37	2	37	2	34	0	130	64	0	1	0		136			96	0			0	37	1	874														
2016	Punjab	Bathinda	64	49	4	49	4	72	0	293	221	0	3	8		72			136	0			6	114	0	2173														
2016	Punjab	Faridkot	18	29	3	29	3	19	3	138	47	0	0	1		24			64	0			2	45	0	774														
2016	Punjab	Fatehgarh Sahib	11	5	1	5	1	42	0	68	127	0	0	0		35			113	0			3	204	0	1050														
2016	Punjab	Fazilka	17	9	5	9	5	35	2	68	78	0	0	0		108			63	0			2	30	1	882														
2016	Punjab	Ferozepur	29	36	4	36	4	47	0	180	120	0	0	0		176			111	0			2	57	1	1316														
2016	Punjab	G. R. P.	8	2	1	2	1	1	0	220	2	0	1	0		13			12	0			0	126	0	491														
2016	Punjab	Gurdaspur	10	10	2	10	2	27	1	73	50	1	0	2		26			84	0			1	19	0	631														
2016	Punjab	Hoshiarpur	41	34	7	34	7	50	4	103	202	0	0	7		195			253	0			0	98	0	1658														
2016	Punjab	Jalandhar	60	61	13	61	13	144	5	622	483	4	2	8		108			272	0			3	124	9	3717														
2016	Punjab	Kapurthala	14	19	8	19	8	32	0	162	165	0	2	6		170			149	0			1	51	0	1213														
2016	Punjab	Khanna	21	20	4	20	4	57	1	129	96	0	0	3		32			136	0			0	98	0	1082														
2016	Punjab	Ludhiana	85	106	14	106	14	215	11	732	418	5	1	5		199			374	0			17	248	2	4763														
2016	Punjab	Mansa	24	22	3	22	3	21	0	83	91	0	0	1		43			74	0			1	73	0	824														
2016	Punjab	Moga	25	30	5	30	5	45	4	190	144	0	2	2		60			96	0			2	61	0	1282														
2016	Punjab	Muktsar	30	26	3	26	3	40	0	138	90	3	1	2		62			78	0			3	33	0	984														
2016	Punjab	Pathankot	13	3	4	3	4	32	0	77	77	0	0	4		19			75	0			1	40	0	538														
2016	Punjab	Patiala	46	52	9	52	9	124	0	320	293	2	3	7		65			314	0			8	261	0	2865														
2016	Punjab	Rupnagar(Ropar)	18	16	2	16	2	41	3	121	92	0	0	0		29			161	0			0	104	0	1118														
2016	Punjab	Sangrur	44	53	9	53	9	79	0	269	168	0	1	5		61			183	0			0	195	0	2140														
2016	Punjab	Sahibzada Ajit Singh Nagar (Mohali)	8	28	2	28	2	137	2	314	284	0	2	0		38			271	0			0	294	0	2452														
2016	Punjab	Shahid Bhagat Singh Nagar (Nawanshahr)	17	13	1	13	1	30	3	104	95	1	0	2		29			94	0			1	34	0	831														
2016	Punjab	Tarn Taran	44	63	3	63	3	48	1	116	117	0	1	1		133			80	0			0	30	0	1108														
2016	Punjab	Total	771	862	120	862	120	1591	43	5982	3947	17	22	78		2213			3582	0			65	2576	14	40007														
2017	Punjab	Amritsar	63	103	7	155	4	1070	0	0	216	1	4	4	296	141	0	0	181	0	0	0	9	111	0	3782	9	0	103	324	4	1734	302	2	92	0	0	1	27	0
2017	Punjab	Barnala	18	19	4	48	2	123	0	0	59	1	3	5	114	38	0	0	66	0	0	0	2	63	0	834	0	0	19	74	0	231	60	0	26	1	0	1	2	0
2017	Punjab	Bathinda	41	55	8	61	1	286	0	0	146	0	3	7	321	95	0	0	118	0	0	0	8	108	0	2118	0	0	55	183	3	552	146	0	68	0	0	0	0	0
2017	Punjab	Faridkot	12	16	3	16	2	81	0	0	57	0	0	3	109	24	0	0	49	0	0	0	4	32	0	672	0	0	16	55	0	182	59	0	8	0	0	1	4	0
2017	Punjab	Fatehgarh Sahib	15	8	4	27	0	85	0	0	93	0	0	4	126	20	0	0	101	0	0	0	4	86	0	853	6	0	8	60	1	172	98	0	11	0	0	0	2	0
2017	Punjab	Fazilka	21	12	3	24	0	68	0	0	99	0	1	2	90	67	0	0	76	0	0	0	7	21	0	813	0	0	12	56	4	180	100	0	0	0	0	0	1	0
2017	Punjab	Ferozepur	27	56	4	58	0	183	0	0	116	0	2	0	255	146	0	0	98	0	0	0	2	18	0	1476	42	0	56	115	2	364	116	0	41	0	3	3	11	0
2017	Punjab	Gurdaspur	31	46	5	83	2	197	0	0	152	1	0	0	228	140	0	0	172	0	0	0	1	54	0	1733	0	0	46	174	1	437	156	0	30	0	0	0	20	0
2017	Punjab	Hoshiarpur	27	30	8	44	0	231	0	1	0	0	1	1	138	78	0	0	186	0	0	0	0	83	0	1493	0	0	30	124	0	371	156	0	44	0	0	0	9	0
2017	Punjab	Jalandhar	33	58	12	131	5	663	0	0	247	4	2	9	309	94	0	0	256	0	0	0	6	123	0	3286	13	8	58	311	6	1208	333	3	96	0	0	9	24	0
2017	Punjab	Kapurthala	18	26	3	36	0	154	0	0	96	0	2	1	217	64	0	0	116	0	0	0	1	57	0	1339	0	0	26	108	2	352	142	0	70	0	0	0	10	4
2017	Punjab	Ludhiana	103	86	16	250	2	1447	0	0	345	4	3	7	697	119	0	0	450	0	0	0	6	347	0	7035	0	0	86	477	13	2259	473	1	697	0	3	19	17	0
2017	Punjab	Mansa	24	18	0	15	3	82	0	0	60	0	2	6	100	52	1	0	49	0	0	0	5	48	0	695	2	0	18	52	0	157	61	0	5	0	0	0	1	0
2017	Punjab	Moga	20	39	5	49	2	172	0	0	15	7	0	2	189	44	1	1	90	0	0	0	3	38	0	1123	2	0	39	81	2	319	107	2	24	0	0	1	8	1
2017	Punjab	Muktsar	23	22	1	32	0	159	0	0	0	1	1	3	119	49	0	0	66	0	0	0	1	32	0	910	8	0	22	57	2	256	40	1	23	0	0	2	7	0
2017	Punjab	Pathankot	10	0	1	18	0	96	0	0	0	0	1	3	49	9	0	0	72	0	0	0	3	41	0	495	0	0	0	33	4	145	51	2	9	0	0	0	2	0
2017	Punjab	Patiala	50	31	10	85	1	331	0	0	160	0	3	7	388	50	0	0	317	0	0	0	9	259	0	2520	2	0	31	218	1	636	168	0	30	0	0	0	8	0
2017	Punjab	Rupnagar(Ropar)	12	20	4	26	0	90	0	0	0	10	1	3	129	26	0	0	150	0	0	0	0	80	0	936	2	0	20	89	0	209	95	0	17	0	0	3	4	0
2017	Punjab	Sahibzada Ajit Singh Nagar (Mohali)	22	23	10	90	1	435	0	0	363	0	2	0	56	36	0	0	270	0	0	0	2	242	1	2371	0	0	23	125	0	584	435	0	0	0	0	0	0	0
2017	Punjab	Sangrur	32	37	5	68	1	220	0	0	140	0	1	12	268	101	0	0	156	0	0	0	2	143	0	1712	0	0	37	113	2	377	140	14	14	0	0	0	5	0
2017	Punjab	Shahid Bhagat Singh Nagar (Nawanshahr)	8	16	1	18	1	119	0	0	0	1	0	4	92	38	0	0	81	0	0	0	0	30	0	736	12	0	16	78	1	226	88	1	5	0	0	1	5	0
2017	Punjab	Tarn Taran	36	68	7	49	0	149	0	0	86	10	1	0	69	158	1	0	100	0	0	0	0	12	0	1422	0	0	68	124	2	333	107	0	11	0	0	0	10	0
2017	Punjab	Bureau of Investigation	1	0	0	0	0	0	0	0	6	1	0	0	0	0	0	0	0	0	0	0	1	0	0	10	0	0	0	0	0	1	7	0	0	0	0	0	0	0
2017	Punjab	Intelligence Wing	0	0	0	0	0	0	0	0	0	1	0	0	0	0	0	0	0	0	0	0	0	0	0	1	0	0	0	0	0	0	1	0	0	0	0	0	0	0
2017	Punjab	NRI Wing	0	0	0	0	0	3	0	0	26	11	0	0	0	0	0	0	0	0	0	0	0	0	0	153	0	0	0	1	0	14	44	0	0	0	0	0	0	0
2017	Punjab	Special Task Force	0	0	0	0	0	0	0	0	0	0	0	0	0	0	0	0	0	0	0	0	0	0	0	0	0	0	0	0	0	0	0	0	0	0	0	0	0	0
2017	Punjab	GRP	12	0	1	3	0	485	0	0	1	0	0	3	17	6	0	3	6	0	0	0	0	101	1	770	0	0	0	0	5	513	1	0	9	0	0	0	0	0
2017	Punjab	Total	659	789	122	1386	27	6929	0	1	2483	53	33	86	4376	1595	3	4	3226	0	0	0	76	2129	2	39288	98	8	789	3032	55	11812	3486	26	1330	1	6	41	177	5
2018	Punjab	Amritsar	67	101	13	159	4	858	0	0	228	2	1	4	291	131	0	1	173	0	0	0	10	83	1	3390	10	7	101	271	3	0	233	0	102	0	0	0	19	0
2018	Punjab	Barnala	15	19	4	46	1	140	0	0	127	0	2	3	150	39	0	0	83	0	0	0	3	58	0	1008	0	0	19	67	1	0	127	0	24	0	0	0	1	0
2018	Punjab	Bathinda	39	42	7	58	0	317	0	0	168	6	1	7	290	111	1	0	129	0	0	0	13	114	0	2156	8	0	42	164	1	0	174	0	37	0	0	0	0	0
2018	Punjab	Faridkot	15	17	4	25	5	81	0	0	89	2	0	1	90	14	0	0	61	0	0	0	7	27	0	692	0	0	17	56	3	0	91	0	12	1	0	1	4	0
2018	Punjab	Fatehgarh Sahib	11	8	1	29	0	73	0	0	158	0	0	0	96	29	0	0	129	0	0	0	0	56	0	903	0	0	8	73	0	0	158	0	0	0	0	0	0	0
2018	Punjab	Fazilka	32	8	4	27	0	83	0	0	112	0	0	2	98	62	0	0	80	0	0	0	5	22	0	829	0	0	8	54	1	0	112	0	4	0	0	0	2	0
2018	Punjab	Ferozepur	34	63	14	54	3	221	0	0	210	0	0	3	182	128	0	0	79	0	0	0	5	0	0	1433	10	0	63	117	1	0	210	0	15	0	0	1	5	0
2018	Punjab	Gurdaspur	35	50	16	74	0	196	0	0	193	0	0	3	198	135	0	0	134	0	0	0	1	59	0	1773	2	0	50	159	1	0	200	0	68	0	0	0	17	0
2018	Punjab	Hoshiarpur	29	33	5	73	4	208	0	0	175	1	0	6	192	48	0	0	192	0	0	0	2	89	0	1685	0	0	33	168	1	0	205	0	37	0	0	1	15	0
2018	Punjab	Jalandhar	45	53	14	168	6	808	0	0	276	7	0	10	336	113	0	0	238	0	0	0	17	117	1	3387	7	13	53	281	8	0	335	0	57	0	0	7	28	0
2018	Punjab	Kapurthala	17	40	9	49	1	189	0	0	71	0	0	3	192	39	0	0	131	0	0	0	0	48	0	1342	0	0	40	121	0	0	110	0	18	0	0	2	13	0
2018	Punjab	Ludhiana	83	89	15	329	10	1561	0	0	548	29	13	11	751	125	0	0	421	0	0	0	13	280	2	7720	8	0	89	474	14	0	664	2	336	0	0	11	32	0
2018	Punjab	Mansa	21	22	1	16	0	102	0	0	71	0	2	4	135	78	0	0	62	0	0	0	2	46	0	906	0	1	22	49	1	0	72	0	4	0	0	0	5	1
2018	Punjab	Moga	24	26	11	51	1	150	0	0	97	0	1	3	158	56	1	0	78	0	0	0	2	38	1	1167	0	0	26	103	3	0	118	0	6	0	0	1	8	0
2018	Punjab	Muktsar	35	31	5	47	0	151	0	0	0	3	0	2	166	43	0	0	60	0	0	0	5	34	0	1066	11	0	31	79	3	0	63	0	16	0	0	0	20	0
2018	Punjab	Pathankot	6	4	1	11	4	61	0	0	0	1	1	1	29	18	0	0	61	0	0	0	0	36	0	414	0	0	4	28	2	0	49	0	5	0	0	0	1	0
2018	Punjab	Patiala	56	41	7	113	0	507	0	0	429	1	2	6	432	62	0	0	345	0	0	0	12	245	0	3228	19	0	41	233	4	0	441	1	24	3	0	0	6	0
2018	Punjab	Rupnagar(Ropar)	10	15	4	13	0	117	0	0	131	3	1	0	90	38	0	0	171	0	0	0	0	89	0	1077	5	4	15	65	0	0	146	0	22	0	0	2	11	0
2018	Punjab	Sahibzada Ajit Singh Nagar (Mohali)	30	30	13	115	3	480	0	0	190	48	1	0	49	74	0	0	279	0	0	0	4	226	0	2690	0	34	30	177	0	0	481	0	0	0	0	0	0	0
2018	Punjab	Sangrur	32	35	5	61	2	248	0	0	169	0	2	5	207	75	0	0	188	0	0	0	7	146	0	1995	0	0	35	118	2	0	169	0	0	0	0	0	3	0
2018	Punjab	Shahid Bhagat Singh Nagar (Nawanshahr)	10	17	7	23	1	100	0	0	0	2	0	3	105	23	0	0	50	0	0	0	1	35	0	714	7	0	17	90	1	0	113	0	3	0	0	1	6	0
2018	Punjab	Tarn Taran	25	78	3	55	2	121	0	0	154	0	0	3	44	135	0	0	81	0	0	0	0	33	1	1370	0	0	78	97	0	0	161	1	23	0	0	0	6	0
2018	Punjab	Bureau of Investigation	1	0	0	0	0	0	0	0	1	1	0	0	0	0	0	0	0	0	0	0	0	0	0	5	0	0	0	0	0	0	3	0	0	0	0	0	0	0
2018	Punjab	Intelligence Wing	0	0	0	0	0	0	0	0	1	0	0	0	0	0	0	0	0	0	0	0	0	0	0	3	0	0	0	0	0	0	1	0	0	0	0	0	0	0
2018	Punjab	NRI Wing	0	0	0	0	0	4	0	0	36	9	0	0	0	0	0	0	0	0	0	0	1	0	0	165	0	0	0	1	0	0	45	0	0	0	0	0	0	0
2018	Punjab	Special Task Force	0	0	0	0	0	0	0	0	0	0	0	0	0	0	0	0	0	0	0	0	0	0	0	0	0	0	0	0	0	0	0	0	0	0	0	0	0	0
2018	Punjab	GRP	12	2	1	3	0	289	0	0	2	0	0	0	27	4	0	0	7	0	0	0	0	60	0	522	0	0	2	2	4	0	2	0	0	0	0	0	0	0
2018	Punjab	Total	684	824	164	1599	47	7065	0	0	3636	115	27	80	4308	1580	2	1	3232	0	0	0	110	1941	6	41640	87	59	824	3047	54	0	4483	4	813	4	0	27	202	1
2019	Punjab	Amritsar	59	124	17	183	2	1152	0	0	215	1	2	13	434	167	0	0	178	0	0	0	12	103	1	4115	18	7	0	356	7	1780	333	0	72	0	0	0	25	0
2019	Punjab	Barnala	10	24	2	40	0	122	0	0	96	0	0	2	238	58	0	0	69	0	0	0	6	59	0	1105	0	3	1	71	0	231	113	0	95	1	0	0	5	0
2019	Punjab	Bathinda	39	42	10	78	0	305	0	0	194	8	1	3	340	128	0	3	121	0	0	0	10	83	0	2236	12	0	2	185	2	576	202	0	147	0	0	0	0	0
2019	Punjab	Faridkot	21	16	1	33	0	122	0	0	72	0	2	3	142	28	0	0	52	0	0	0	4	30	0	875	0	0	0	74	2	236	72	0	89	0	0	0	1	0
2019	Punjab	Fatehgarh Sahib	5	6	2	36	0	94	0	0	110	0	1	0	176	18	0	0	132	0	0	0	2	85	0	1060	0	0	0	63	0	178	119	0	78	0	0	0	0	0
2019	Punjab	Fazilka	26	26	6	36	0	105	0	0	90	0	1	3	236	86	0	0	72	0	0	0	9	25	1	1108	0	0	0	67	6	241	90	0	45	0	0	0	6	0
2019	Punjab	Ferozepur	29	44	5	57	3	204	0	0	83	0	2	2	281	67	0	0	79	0	0	0	4	0	0	1347	15	0	0	107	0	397	83	0	91	0	0	7	5	0
2019	Punjab	Gurdaspur	41	49	18	78	1	165	0	0	166	0	0	6	365	135	0	0	111	0	0	0	4	69	1	1674	5	0	4	151	3	407	169	0	50	0	0	1	13	0
2019	Punjab	Hoshiarpur	29	37	12	77	2	241	0	0	159	3	0	4	275	55	0	0	208	0	0	0	0	90	0	1765	0	4	3	159	4	449	174	0	24	0	0	1	15	0
2019	Punjab	Jalandhar	31	44	14	132	5	470	0	0	289	2	1	5	405	159	0	0	208	1	0	1	8	74	1	2987	3	4	1	269	14	888	354	0	115	0	0	8	18	0
2019	Punjab	Kapurthala	24	35	8	123	1	296	0	0	74	2	0	5	234	54	0	0	126	0	0	0	3	51	0	1606	0	0	1	190	3	545	126	0	36	0	0	0	9	0
2019	Punjab	Ludhiana	91	84	23	275	3	1710	0	0	411	6	3	8	844	161	0	0	445	0	0	0	7	284	2	7245	0	0	2	470	13	2518	540	2	419	0	0	9	18	0
2019	Punjab	Mansa	25	17	2	29	0	80	0	0	68	0	3	3	218	104	0	0	59	0	0	0	5	55	0	1159	0	0	0	67	1	180	73	0	146	0	0	0	8	0
2019	Punjab	Moga	23	25	13	49	1	188	0	0	64	0	3	2	203	54	1	0	71	0	0	0	1	43	1	1236	0	1	0	112	3	357	105	0	76	0	0	0	6	0
2019	Punjab	Muktsar	20	23	3	73	0	184	0	0	0	4	0	7	198	58	2	0	91	0	0	0	5	45	0	1333	9	0	0	73	4	285	91	0	212	0	0	0	9	0
2019	Punjab	Pathankot	8	8	1	27	0	63	0	0	0	0	0	0	69	32	0	0	64	0	0	0	0	30	0	516	2	1	1	41	1	125	53	0	9	0	0	0	2	0
2019	Punjab	Patiala	50	48	6	132	1	438	0	0	279	0	4	5	480	51	0	0	342	0	0	0	4	284	1	3291	15	0	3	229	1	744	287	0	127	0	0	0	5	0
2019	Punjab	Rupnagar(Ropar)	15	25	4	35	3	80	0	0	124	3	1	2	145	51	0	0	223	0	0	0	4	83	0	1072	2	0	0	64	0	170	133	0	22	0	0	0	11	0
2019	Punjab	Sahibzada Ajit Singh Nagar (Mohali)	33	30	1	149	2	489	0	0	408	0	0	0	137	76	0	0	258	0	0	0	5	258	0	2925	0	17	2	161	3	685	408	0	246	0	0	0	5	0
2019	Punjab	Sangrur	44	40	10	77	1	346	0	0	200	0	0	4	471	101	0	0	170	0	0	0	7	183	0	2747	0	0	4	202	1	590	200	0	0	0	0	0	1	0
2019	Punjab	Shahid Bhagat Singh Nagar (Nawanshahr)	13	20	1	22	0	105	0	0	0	1	0	2	156	49	0	0	59	0	0	0	2	0	0	820	8	0	0	87	0	209	155	0	57	0	0	0	4	0
2019	Punjab	Tarn Taran	36	71	7	53	0	151	0	0	125	2	1	0	209	97	0	0	73	0	0	0	1	24	0	1663	3	0	1	126	1	381	149	3	145	0	0	0	13	0
2019	Punjab	Bureau of Investigation	0	0	0	0	0	0	0	0	1	0	0	0	0	0	0	0	0	0	0	0	0	0	0	14	0	0	0	0	0	1	10	0	0	0	0	0	0	0
2019	Punjab	Intelligence Wing	0	0	0	0	0	0	0	0	0	0	0	0	0	0	0	0	0	0	0	0	0	0	0	1	0	0	0	0	0	0	0	0	0	0	0	0	0	0
2019	Punjab	NRI Wing	0	0	0	0	0	0	0	0	43	12	0	1	0	0	0	0	0	0	0	0	0	0	0	212	0	0	0	0	0	4	55	0	0	0	0	0	0	0
2019	Punjab	Special Task Force	0	0	0	0	0	0	0	0	0	0	0	0	0	0	0	0	0	0	0	0	0	0	0	2	0	0	0	0	0	0	0	0	0	0	0	0	0	0
2019	Punjab	GRP	7	2	0	4	0	452	0	0	2	0	0	0	23	7	0	0	2	0	0	0	0	20	0	583	0	0	0	0	2	486	2	0	0	0	0	0	1	0
2019	Punjab	Total	679	840	166	1798	25	7562	0	0	3273	44	25	80	6279	1796	3	3	3213	1	0	1	103	1978	8	44697	92	37	25	3324	71	12663	4096	5	2301	1	0	26	180	0
2020	Punjab	Amritsar	75	137	22	161	5	1260	0	0	187	0	0	8	323	173	0	0	149	2	0	2	9	65	0	5252	18	1	1	349	8	1861	235	0	1307	0	0	1	27	1
2020	Punjab	Barnala	15	27	4	36	3	95	0	0	43	0	0	1	151	44	0	0	65	0	0	0	4	34	0	1156	7	0	3	57	5	194	43	0	171	0	0	0	1	1
2020	Punjab	Bathinda	52	59	11	47	2	237	0	0	184	1	1	3	207	122	0	0	107	0	0	0	12	84	0	2041	8	0	9	139	1	447	185	0	308	0	0	0	0	0
2020	Punjab	Faridkot	17	18	5	41	1	151	0	0	59	0	1	0	104	36	0	0	44	0	0	0	6	31	0	885	0	0	1	72	1	276	60	0	71	0	0	0	4	0
2020	Punjab	Fatehgarh Sahib	12	8	3	38	1	79	0	0	85	1	0	1	153	27	0	0	127	0	0	0	1	64	0	1383	0	6	0	43	3	141	88	0	587	0	0	0	2	0
2020	Punjab	Fazilka	31	34	5	38	1	90	0	0	149	2	0	3	242	116	0	0	68	0	0	0	23	32	1	1644	0	0	0	83	0	249	151	0	302	0	0	3	10	0
2020	Punjab	Ferozepur	26	71	3	41	0	124	0	0	83	0	0	1	240	74	0	0	90	0	0	0	3	0	0	1489	0	0	0	93	3	298	83	0	282	0	0	0	7	0
2020	Punjab	Gurdaspur	39	51	5	79	3	155	0	0	186	0	0	0	275	141	0	0	115	0	0	0	4	36	0	2616	0	0	0	143	1	365	187	0	1066	0	0	0	8	0
2020	Punjab	Hoshiarpur	27	33	5	49	3	235	0	0	163	2	3	8	209	56	0	0	158	0	0	0	0	52	0	2215	0	2	1	131	3	419	175	0	691	0	0	0	12	0
2020	Punjab	Jalandhar	54	63	12	104	2	373	0	0	204	2	3	6	268	149	0	0	163	0	0	0	8	73	3	3238	14	8	1	250	1	739	245	0	865	0	0	4	10	0
2020	Punjab	Kapurthala	28	49	3	79	0	212	0	0	38	0	1	8	182	59	0	0	90	0	0	0	2	33	0	1944	0	0	3	105	1	381	56	0	668	0	0	0	8	2
2020	Punjab	Ludhiana	78	106	12	205	3	1371	0	0	269	0	7	7	712	154	0	0	347	0	0	0	11	159	1	6526	0	0	3	335	7	1949	315	0	1207	1	0	5	28	0
2020	Punjab	Mansa	24	23	1	33	2	96	0	0	51	0	1	4	97	79	0	0	75	0	0	0	3	60	0	1262	26	0	3	76	0	192	52	0	416	0	0	0	5	0
2020	Punjab	Moga	24	30	6	30	1	106	0	0	30	1	1	3	94	52	1	0	62	0	0	0	7	25	0	806	0	0	0	77	0	249	43	0	66	0	0	0	1	3
2020	Punjab	Muktsar	29	27	4	50	2	159	0	0	0	2	0	6	171	63	0	0	55	1	0	1	10	37	1	1379	19	0	0	78	3	287	53	0	364	0	0	0	4	0
2020	Punjab	Pathankot	8	9	0	29	0	61	0	0	0	0	0	0	64	26	0	0	44	0	0	0	1	28	0	835	0	0	0	41	0	121	53	0	345	0	0	0	3	0
2020	Punjab	Patiala	46	46	6	89	0	353	0	0	296	3	3	14	457	48	0	0	265	0	0	0	5	187	1	3682	170	0	4	243	4	661	306	0	777	0	0	0	6	0
2020	Punjab	Rupnagar(Ropar)	20	16	0	25	1	95	0	0	83	4	1	4	154	20	0	0	174	0	0	0	8	60	0	1485	0	0	0	53	0	179	89	0	530	0	0	0	0	0
2020	Punjab	Sahibzada Ajit Singh Nagar (Mohali)	37	37	5	96	3	490	0	0	8	15	2	0	69	88	0	0	231	0	0	0	14	188	0	3094	0	15	0	142	2	708	261	0	752	0	0	0	11	0
2020	Punjab	Sangrur	39	29	9	68	2	283	0	0	176	2	1	8	397	107	0	0	165	0	0	0	4	124	0	2953	0	0	4	208	1	521	178	0	766	0	0	0	4	1
2020	Punjab	Shahid Bhagat Singh Nagar (Nawanshahr)	14	6	1	20	1	68	0	0	0	0	0	2	95	41	0	0	64	0	0	0	2	30	0	967	11	0	1	73	0	160	180	0	213	0	1	0	1	0
2020	Punjab	Tarn Taran	49	79	13	40	3	145	0	0	45	0	0	0	73	178	0	0	54	0	0	0	0	13	0	2534	9	0	1	120	1	335	53	0	1280	0	0	0	9	0
2020	Punjab	Bureau of Investigation	0	0	0	0	0	0	0	0	32	0	0	0	0	0	0	0	0	0	0	0	0	0	0	43	0	0	0	0	0	1	32	0	0	0	0	0	0	0
2020	Punjab	Intelligence Wing	0	0	0	0	0	0	0	0	0	1	0	0	0	0	0	0	0	0	0	0	0	0	0	6	0	0	0	0	0	3	1	0	0	0	0	0	0	0
2020	Punjab	NRI Wing	0	0	0	0	0	2	0	0	50	8	0	0	0	0	0	0	0	0	0	0	0	0	0	191	0	0	0	0	0	7	78	0	0	0	0	0	0	0
2020	Punjab	Special Task Force	0	0	0	0	0	0	0	0	0	0	0	0	0	0	0	0	0	0	0	0	0	0	0	0	0	0	0	0	0	0	0	0	0	0	0	0	0	0
2020	Punjab	GRP	13	3	0	1	0	161	0	0	0	0	0	0	19	5	0	0	5	0	0	0	0	7	1	244	0	0	0	2	2	170	1	0	1	0	0	0	1	0
2020	Punjab	Total	757	961	135	1399	39	6401	0	0	2421	44	25	87	4756	1858	1	0	2717	3	0	3	137	1422	8	49870	282	32	35	2913	47	10913	3203	0	13035	1	1	13	162	8
2021	Punjab	Amritsar	87	102	11	189	6	1544	0	0	261	0	0	11	261	187	0	0	151	0	0	0	12	67	0	5186	28	3	1	346	5	2286	346	0	597	0	0	0	27	0
2021	Punjab	Barnala	16	23	2	68	2	262	0	0	34	1	0	4	129	52	0	0	50	0	0	0	8	50	0	1020	24	0	1	76	0	391	76	0	48	0	0	0	2	0
2021	Punjab	Bathinda	42	49	18	62	4	296	0	0	86	3	0	5	211	106	0	0	112	0	0	0	6	91	1	1831	19	0	0	167	5	563	167	0	51	0	0	0	18	0
2021	Punjab	Faridkot	15	13	6	25	2	140	0	0	56	0	0	2	102	24	0	0	37	0	0	0	8	32	0	809	0	0	0	79	1	276	79	0	52	0	0	0	3	0
2021	Punjab	Fatehgarh Sahib	16	7	3	54	0	153	0	0	0	0	0	1	136	15	0	0	121	0	0	0	4	73	0	1251	19	0	1	77	1	265	77	0	201	0	0	0	1	0
2021	Punjab	Fazilka	27	38	7	63	1	119	0	0	76	1	0	3	177	109	0	0	70	0	0	0	12	25	0	1314	0	0	0	87	2	307	87	2	34	0	0	0	3	0
2021	Punjab	Ferozepur	35	82	8	52	0	160	0	0	76	0	0	5	210	70	0	0	91	0	0	0	4	0	0	1261	0	0	0	78	1	344	78	0	47	0	0	1	10	0
2021	Punjab	Gurdaspur	40	66	14	79	1	197	0	0	204	0	1	4	207	120	0	0	140	0	0	0	5	34	0	1801	5	0	0	154	0	473	154	0	103	0	0	1	11	0
2021	Punjab	Hoshiarpur	24	29	9	72	0	217	0	0	100	1	0	6	180	49	0	0	168	0	0	0	0	63	0	1873	0	1	1	115	3	379	115	0	402	0	0	1	9	0
2021	Punjab	Jalandhar	53	70	15	144	3	690	0	0	303	3	1	9	276	163	0	0	207	0	0	0	13	71	1	3598	29	0	3	344	9	1280	344	1	232	0	0	2	20	0
2021	Punjab	Kapurthala	28	34	8	43	2	246	0	0	34	1	2	0	189	54	0	0	80	0	0	0	1	37	0	1512	0	0	3	110	1	416	110	0	255	0	0	0	10	0
2021	Punjab	Ludhiana	84	83	20	269	2	1774	0	0	386	2	1	8	652	202	0	0	418	0	0	0	13	190	0	7725	0	3	0	444	8	2666	444	0	991	0	0	3	28	0
2021	Punjab	Mansa	16	22	4	37	4	169	0	0	81	1	1	2	99	67	0	0	61	0	0	0	6	44	0	986	12	0	0	71	0	272	71	0	53	0	0	0	3	0
2021	Punjab	Moga	25	26	3	22	1	71	0	0	24	0	3	3	62	39	1	0	61	0	0	0	7	19	2	676	2	0	1	56	0	201	56	0	14	0	0	0	1	0
2021	Punjab	Muktsar	16	16	6	52	2	146	0	0	0	2	0	4	85	56	0	0	58	0	0	0	5	35	0	931	28	0	0	101	1	314	101	0	39	0	0	1	4	0
2021	Punjab	Pathankot	7	16	3	29	0	71	0	0	0	0	0	0	39	17	0	0	60	0	0	0	3	27	0	727	22	0	0	30	1	123	30	1	152	0	0	0	0	0
2021	Punjab	Patiala	43	66	14	115	2	584	0	0	311	1	4	4	586	39	0	0	328	0	0	0	8	252	0	4289	156	0	8	275	6	956	275	0	740	0	0	0	8	0
2021	Punjab	Rupnagar(Ropar)	10	10	3	42	4	107	0	0	79	2	0	1	101	44	0	0	152	0	0	0	2	85	0	1087	0	0	0	63	0	206	63	0	102	0	0	0	0	0
2021	Punjab	Sahibzada Ajit Singh Nagar (Mohali)	32	36	4	223	2	761	0	0	0	0	3	0	109	88	0	1	237	0	0	0	11	192	0	3513	0	0	0	207	1	1037	207	0	527	0	0	0	14	0
2021	Punjab	Sangrur	20	37	7	44	0	250	0	0	120	0	0	3	225	94	0	0	163	0	0	0	9	103	0	1680	0	0	2	107	0	411	107	0	99	0	0	0	2	0
2021	Punjab	Shahid Bhagat Singh Nagar (Nawanshahr)	17	13	2	23	0	90	0	0	0	0	0	1	73	28	0	0	78	0	0	0	2	33	0	903	11	0	0	63	0	169	63	0	145	0	0	1	0	0
2021	Punjab	Tarn Taran	49	76	8	64	4	110	0	0	69	0	1	0	82	169	0	0	72	0	0	0	1	14	0	1373	38	0	2	116	1	324	116	0	106	0	0	0	13	0
2021	Punjab	Bureau of Investigation	0	0	0	0	0	0	0	0	0	3	0	0	0	0	0	0	0	0	0	0	0	0	0	33	0	0	0	0	0	1	0	0	0	0	0	0	0	0
2021	Punjab	Intelligence Wing	0	0	0	0	0	0	0	0	0	0	0	0	0	0	0	0	0	0	0	0	0	0	0	4	0	0	0	0	0	0	0	0	0	0	0	0	0	0
2021	Punjab	NRI Wing	0	0	0	0	0	2	0	0	106	11	0	0	0	0	0	0	0	0	0	0	0	0	1	249	0	0	0	0	0	8	0	0	0	0	0	0	0	0
2021	Punjab	Special Task Force	0	0	0	0	0	0	0	0	0	0	0	0	0	0	0	0	0	0	0	0	0	0	0	0	0	0	0	0	0	0	0	0	0	0	0	0	0	0
2021	Punjab	GRP	12	3	1	0	1	172	0	0	0	0	0	0	12	3	0	0	11	0	0	0	0	5	0	308	0	0	0	0	2	184	0	0	1	0	0	0	0	1
2021	Punjab	Malerkotla	9	9	1	16	0	87	0	0	23	0	0	0	103	9	0	0	29	0	0	0	1	22	0	514	0	0	0	33	0	132	33	0	25	0	0	0	2	0
2021	Punjab	Total	723	926	177	1787	43	8418	0	0	2429	32	17	76	4306	1804	1	1	2955	0	0	0	141	1564	5	46454	393	7	23	3199	48	13984	3199	4	5016	0	0	10	189	1
