Region	Year	Population-Weighted PM2.5 [ug/m3]	Geographic-Mean PM2.5 [ug/m3]	Population Coverage [%]	Geographic Coverage [%]	Total Population [million people]	% pop >= 5 ug/m3 [%]	% pop >= 10 ug/m3 [%]	% pop >= 15 ug/m3 [%]	% pop >= 25 ug/m3 [%]	% pop >= 30 ug/m3 [%]	% pop >= 35 ug/m3 [%]	% pop >= 40 ug/m3 [%]	% pop >= 45 ug/m3 [%]	% pop >= 50 ug/m3 [%]	% pop >= 55 ug/m3 [%]	% pop >= 60 ug/m3 [%]
Punjab	1998	40	40.1	100	100	25.076	100	100	100	97	92.1	85.5	67.6	5.3	0	0	0
Punjab	1999	40.7	41	100	100	25.076	100	100	100	96.6	91.4	84.8	70.7	23.7	0	0	0
Punjab	2000	47.1	47.3	100	100	25.076	100	100	100	99.1	97.8	93.4	86.6	75.2	38.3	1.1	0
Punjab	2001	49.3	49.6	100	100	25.425	100	100	100	99.6	98.4	94.5	87.7	79.1	62	15.8	0.7
Punjab	2002	52.8	53.4	100	100	25.775	100	100	100	99.5	98.5	95.1	89.3	83.8	73.7	50.2	13.1
Punjab	2003	56.8	57.4	100	100	26.124	100	100	100	99.8	98.8	97.1	93.3	87.2	80.9	68.2	47.1
Punjab	2004	57.7	58	100	100	26.474	100	100	100	99.7	98.9	97.4	93.8	88.8	83.4	74.2	52.8
Punjab	2005	55.6	55.7	100	100	26.823	100	100	100	99.7	99	97.6	93.5	87.5	82	66.4	32.2
Punjab	2006	54.3	54.6	100	100	27.137	100	100	100	99.8	98.9	97.2	92.7	86.2	78.7	63.2	20
Punjab	2007	57.8	58.1	100	100	27.45	100	100	100	100	99.2	98.3	94.7	88.5	83.1	73.7	55.1
Punjab	2008	62.5	62.5	100	100	27.763	100	100	100	99.9	99.3	98.6	96.9	93.7	88.8	83.4	73
Punjab	2009	58.8	58.8	100	100	28.076	100	100	100	99.8	99.1	98.1	94.8	90.5	84.9	76.9	56.3
Punjab	2010	67	67.8	100	100	28.389	100	100	100	100	99.4	98.8	97.1	94.1	90.4	84.8	77.9
Punjab	2011	66.8	66.7	100	100	28.656	100	100	100	100	99.5	99	97.8	94.7	91.7	86.8	78.5
Punjab	2012	60.9	60.8	100	100	28.922	100	100	100	100	99.4	98.8	97.2	94	90.4	84.4	60
Punjab	2013	62.2	61.8	100	100	29.189	100	100	100	100	99.7	99.1	97.7	93.9	90.3	84.4	71.7
Punjab	2014	60.4	60.2	100	100	29.455	100	100	100	100	99.6	99	96.9	93	89.4	82.1	67.2
Punjab	2015	63.9	63.7	100	100	29.722	100	100	100	100	99.7	99.2	98.2	95	91.5	86.9	78.6
Punjab	2016	69.3	68.7	100	100	29.962	100	100	100	100	99.9	99.6	99.2	98.4	95.9	92.5	86.2
Punjab	2017	65.9	65.3	100	100	30.201	100	100	100	100	99.7	99.2	98.4	96.2	92.8	89.3	81
Punjab	2018	68.4	68	100	100	30.441	100	100	100	100	99.9	99.4	99.1	98	94.7	90.7	83.7
Punjab	2019	60.7	60.2	100	100	30.681	100	100	100	100	99.5	99	97.4	94	90.8	83.7	66.2
Punjab	2020	61.9	61.5	100	100	30.921	100	100	100	100	99.6	99.1	98	94.7	90.5	84.1	73.1
Punjab	2021	67.5	67.3	100	100	30.921	100	100	100	100	99.9	99.4	98.9	97.5	93.9	88.8	83.3
Punjab	2022	62	61.6	100	100	30.921	100	100	100	100	99.7	99.3	98.5	94.7	91.3	86	74.8
